37415000
37415001
37415002
37415003
37415004
37415005
37415006
37415007
37415008
37415009
37415010
37415011
37415012
37415013
37415014
37415015
37415016
37415017
37415018
37415019
37415020
37415021
37415022
37415023
37415024
37415025
37415026
37415027
37415028
37415029
37415030
37415031
37415032
37415033
37415034
37415035
37415036
37415037
37415038
37415039
37415040
37415041
37415042
37415043
37415044
37415045
37415046
37415047
37415048
37415049
37415050
37415051
37415052
37415053
37415054
37415055
37415056
37415057
37415058
37415059
37415060
37415061
37415062
37415063
37415064
37415065
37415066
37415067
37415068
37415069
37415070
37415071
37415072
37415073
37415074
37415075
37415076
37415077
37415078
37415079
37415080
37415081
37415082
37415083
37415084
37415085
37415086
37415087
37415088
37415089
37415090
37415091
37415092
37415093
37415094
37415095
37415096
37415097
37415098
37415099
37415100
37415101
37415102
37415103
37415104
37415105
37415106
37415107
37415108
37415109
37415110
37415111
37415112
37415113
37415114
37415115
37415116
37415117
37415118
37415119
37415120
37415121
37415122
37415123
37415124
37415125
37415126
37415127
37415128
37415129
37415130
37415131
37415132
37415133
37415134
37415135
37415136
37415137
37415138
37415139
37415140
37415141
37415142
37415143
37415144
37415145
37415146
37415147
37415148
37415149
37415150
37415151
37415152
37415153
37415154
37415155
37415156
37415157
37415158
37415159
37415160
37415161
37415162
37415163
37415164
37415165
37415166
37415167
37415168
37415169
37415170
37415171
37415172
37415173
37415174
37415175
37415176
37415177
37415178
37415179
37415180
37415181
37415182
37415183
37415184
37415185
37415186
37415187
37415188
37415189
37415190
37415191
37415192
37415193
37415194
37415195
37415196
37415197
37415198
37415199
37415200
37415201
37415202
37415203
37415204
37415205
37415206
37415207
37415208
37415209
37415210
37415211
37415212
37415213
37415214
37415215
37415216
37415217
37415218
37415219
37415220
37415221
37415222
37415223
37415224
37415225
37415226
37415227
37415228
37415229
37415230
37415231
37415232
37415233
37415234
37415235
37415236
37415237
37415238
37415239
37415240
37415241
37415242
37415243
37415244
37415245
37415246
37415247
37415248
37415249
37415250
37415251
37415252
37415253
37415254
37415255
37415256
37415257
37415258
37415259
37415260
37415261
37415262
37415263
37415264
37415265
37415266
37415267
37415268
37415269
37415270
37415271
37415272
37415273
37415274
37415275
37415276
37415277
37415278
37415279
37415280
37415281
37415282
37415283
37415284
37415285
37415286
37415287
37415288
37415289
37415290
37415291
37415292
37415293
37415294
37415295
37415296
37415297
37415298
37415299
37415300
37415301
37415302
37415303
37415304
37415305
37415306
37415307
37415308
37415309
37415310
37415311
37415312
37415313
37415314
37415315
37415316
37415317
37415318
37415319
37415320
37415321
37415322
37415323
37415324
37415325
37415326
37415327
37415328
37415329
37415330
37415331
37415332
37415333
37415334
37415335
37415336
37415337
37415338
37415339
37415340
37415341
37415342
37415343
37415344
37415345
37415346
37415347
37415348
37415349
37415350
37415351
37415352
37415353
37415354
37415355
37415356
37415357
37415358
37415359
37415360
37415361
37415362
37415363
37415364
37415365
37415366
37415367
37415368
37415369
37415370
37415371
37415372
37415373
37415374
37415375
37415376
37415377
37415378
37415379
37415380
37415381
37415382
37415383
37415384
37415385
37415386
37415387
37415388
37415389
37415390
37415391
37415392
37415393
37415394
37415395
37415396
37415397
37415398
37415399
37415400
37415401
37415402
37415403
37415404
37415405
37415406
37415407
37415408
37415409
37415410
37415411
37415412
37415413
37415414
37415415
37415416
37415417
37415418
37415419
37415420
37415421
37415422
37415423
37415424
37415425
37415426
37415427
37415428
37415429
37415430
37415431
37415432
37415433
37415434
37415435
37415436
37415437
37415438
37415439
37415440
37415441
37415442
37415443
37415444
37415445
37415446
37415447
37415448
37415449
37415450
37415451
37415452
37415453
37415454
37415455
37415456
37415457
37415458
37415459
37415460
37415461
37415462
37415463
37415464
37415465
37415466
37415467
37415468
37415469
37415470
37415471
37415472
37415473
37415474
37415475
37415476
37415477
37415478
37415479
37415480
37415481
37415482
37415483
37415484
37415485
37415486
37415487
37415488
37415489
37415490
37415491
37415492
37415493
37415494
37415495
37415496
37415497
37415498
37415499
37415500
37415501
37415502
37415503
37415504
37415505
37415506
37415507
37415508
37415509
37415510
37415511
37415512
37415513
37415514
37415515
37415516
37415517
37415518
37415519
37415520
37415521
37415522
37415523
37415524
37415525
37415526
37415527
37415528
37415529
37415530
37415531
37415532
37415533
37415534
37415535
37415536
37415537
37415538
37415539
37415540
37415541
37415542
37415543
37415544
37415545
37415546
37415547
37415548
37415549
37415550
37415551
37415552
37415553
37415554
37415555
37415556
37415557
37415558
37415559
37415560
37415561
37415562
37415563
37415564
37415565
37415566
37415567
37415568
37415569
37415570
37415571
37415572
37415573
37415574
37415575
37415576
37415577
37415578
37415579
37415580
37415581
37415582
37415583
37415584
37415585
37415586
37415587
37415588
37415589
37415590
37415591
37415592
37415593
37415594
37415595
37415596
37415597
37415598
37415599
37415600
37415601
37415602
37415603
37415604
37415605
37415606
37415607
37415608
37415609
37415610
37415611
37415612
37415613
37415614
37415615
37415616
37415617
37415618
37415619
37415620
37415621
37415622
37415623
37415624
37415625
37415626
37415627
37415628
37415629
37415630
37415631
37415632
37415633
37415634
37415635
37415636
37415637
37415638
37415639
37415640
37415641
37415642
37415643
37415644
37415645
37415646
37415647
37415648
37415649
37415650
37415651
37415652
37415653
37415654
37415655
37415656
37415657
37415658
37415659
37415660
37415661
37415662
37415663
37415664
37415665
37415666
37415667
37415668
37415669
37415670
37415671
37415672
37415673
37415674
37415675
37415676
37415677
37415678
37415679
37415680
37415681
37415682
37415683
37415684
37415685
37415686
37415687
37415688
37415689
37415690
37415691
37415692
37415693
37415694
37415695
37415696
37415697
37415698
37415699
37415700
37415701
37415702
37415703
37415704
37415705
37415706
37415707
37415708
37415709
37415710
37415711
37415712
37415713
37415714
37415715
37415716
37415717
37415718
37415719
37415720
37415721
37415722
37415723
37415724
37415725
37415726
37415727
37415728
37415729
37415730
37415731
37415732
37415733
37415734
37415735
37415736
37415737
37415738
37415739
37415740
37415741
37415742
37415743
37415744
37415745
37415746
37415747
37415748
37415749
37415750
37415751
37415752
37415753
37415754
37415755
37415756
37415757
37415758
37415759
37415760
37415761
37415762
37415763
37415764
37415765
37415766
37415767
37415768
37415769
37415770
37415771
37415772
37415773
37415774
37415775
37415776
37415777
37415778
37415779
37415780
37415781
37415782
37415783
37415784
37415785
37415786
37415787
37415788
37415789
37415790
37415791
37415792
37415793
37415794
37415795
37415796
37415797
37415798
37415799
37415800
37415801
37415802
37415803
37415804
37415805
37415806
37415807
37415808
37415809
37415810
37415811
37415812
37415813
37415814
37415815
37415816
37415817
37415818
37415819
37415820
37415821
37415822
37415823
37415824
37415825
37415826
37415827
37415828
37415829
37415830
37415831
37415832
37415833
37415834
37415835
37415836
37415837
37415838
37415839
37415840
37415841
37415842
37415843
37415844
37415845
37415846
37415847
37415848
37415849
37415850
37415851
37415852
37415853
37415854
37415855
37415856
37415857
37415858
37415859
37415860
37415861
37415862
37415863
37415864
37415865
37415866
37415867
37415868
37415869
37415870
37415871
37415872
37415873
37415874
37415875
37415876
37415877
37415878
37415879
37415880
37415881
37415882
37415883
37415884
37415885
37415886
37415887
37415888
37415889
37415890
37415891
37415892
37415893
37415894
37415895
37415896
37415897
37415898
37415899
37415900
37415901
37415902
37415903
37415904
37415905
37415906
37415907
37415908
37415909
37415910
37415911
37415912
37415913
37415914
37415915
37415916
37415917
37415918
37415919
37415920
37415921
37415922
37415923
37415924
37415925
37415926
37415927
37415928
37415929
37415930
37415931
37415932
37415933
37415934
37415935
37415936
37415937
37415938
37415939
37415940
37415941
37415942
37415943
37415944
37415945
37415946
37415947
37415948
37415949
37415950
37415951
37415952
37415953
37415954
37415955
37415956
37415957
37415958
37415959
37415960
37415961
37415962
37415963
37415964
37415965
37415966
37415967
37415968
37415969
37415970
37415971
37415972
37415973
37415974
37415975
37415976
37415977
37415978
37415979
37415980
37415981
37415982
37415983
37415984
37415985
37415986
37415987
37415988
37415989
37415990
37415991
37415992
37415993
37415994
37415995
37415996
37415997
37415998
37415999
